-5.14482e-09
-2.48263e-08
1.11697e-08
2.22524e-07
6.5019e-07
1.29372e-06
2.23532e-06
3.68186e-06
5.95766e-06
9.53257e-06
1.50959e-05
2.36622e-05
3.67117e-05
5.63781e-05
8.56991e-05
0.000128945
0.000192043
0.000283115
0.000413143
0.000596778
0.000853306
0.00120775
0.00169214
0.00234683
0.00322194
0.00437872
0.00589077
0.00784506
0.0103424
0.0134974
0.0174375
0.0223011
0.0282346
0.0353875
0.0439069
0.0539305
0.0655778
0.0789408
0.0940743
0.110986
0.129626
0.149882
0.171569
0.19443
0.218134
0.242284
0.26642
0.290035
0.312593
0.333545
0.352353
0.368512
0.381572
0.39116
0.396998
0.398913
0.396851
0.390873
0.381158
0.367992
0.351752
0.332889
0.311911
0.289355
0.265767
0.241681
0.2176
0.193976
0.171204
0.149609
0.129443
0.110887
0.0940507
0.0789817
0.0656711
0.0540639
0.0440682
0.0355657
0.0284201
0.0224858
0.017615
0.013663
0.0104931
0.00797913
0.0060076
0.00447861
0.00330584
0.00241611
0.00174845
0.00125281
0.000888836
0.000624393
0.000434307
0.000299116
0.000203979
0.000137732
9.2089e-05
6.09441e-05
4.00564e-05
2.54689e-05
1.88984e-05
