-7.63674e-10
-5.70014e-10
6.33451e-09
1.22652e-08
-8.39737e-09
-5.75262e-08
-8.14376e-08
-4.51939e-09
2.17939e-07
6.00588e-07
1.17784e-06
2.05073e-06
3.4103e-06
5.55734e-06
8.94171e-06
1.4231e-05
2.24109e-05
3.49237e-05
5.38556e-05
8.21856e-05
0.000124115
0.00018549
0.000274344
0.000401562
0.000581701
0.000833957
0.00118329
0.00166167
0.00230948
0.00317692
0.00432537
0.00582872
0.00777428
0.0102634
0.0134113
0.0173461
0.0222072
0.0281417
0.0352999
0.04383
0.05387
0.06554
0.0789319
0.0941002
0.111052
0.129736
0.150037
0.17177
0.194675
0.218418
0.242598
0.266755
0.290379
0.312932
0.333865
0.352639
0.368752
0.381754
0.391276
0.397041
0.398882
0.396747
0.390701
0.380928
0.367713
0.351438
0.332554
0.311569
0.289019
0.26545
0.241394
0.217349
0.193768
0.171041
0.149491
0.129369
0.110853
0.0940526
0.0790133
0.0657263
0.0541364
0.0441524
0.0356563
0.0285126
0.0225765
0.0177011
0.0137427
0.010565
0.00804255
0.00606249
0.00452525
0.00334479
0.00244812
0.00177434
0.00127345
0.000905029
0.000636986
0.000443678
0.000307338
0.000204752
0.000162685
