3.17109e-09
2.42452e-09
-2.40598e-08
-5.43688e-08
1.702e-09
2.23822e-07
6.32415e-07
1.24617e-06
2.15956e-06
3.57175e-06
5.79599e-06
9.29416e-06
1.47472e-05
2.31582e-05
3.59923e-05
5.5364e-05
8.42877e-05
0.000127006
0.000189415
0.000279599
0.000408504
0.000590742
0.000845563
0.00119797
0.00167996
0.0023319
0.00320395
0.00435741
0.00586599
0.00781679
0.0103108
0.013463
0.017401
0.0222636
0.0281975
0.0353525
0.0438762
0.0539063
0.0655626
0.0789372
0.0940845
0.111012
0.12967
0.149944
0.171649
0.194528
0.218248
0.24241
0.266553
0.290172
0.312728
0.333673
0.352468
0.368608
0.381645
0.391207
0.397016
0.398901
0.396809
0.390805
0.381066
0.367881
0.351626
0.332755
0.311774
0.28922
0.26564
0.241566
0.217499
0.193893
0.171139
0.149562
0.129413
0.110873
0.0940514
0.0789943
0.0656932
0.0540929
0.044102
0.035602
0.0284571
0.0225221
0.0176495
0.0136949
0.0105219
0.00800453
0.00602958
0.00449728
0.00332143
0.00242892
0.0017588
0.00126106
0.000895311
0.000629405
0.000438134
0.000301997
0.000206134
0.000139253
9.34802e-05
6.05792e-05
4.61854e-05
