-3.41374e-10
3.3189e-09
9.97371e-09
-3.04964e-09
-4.68064e-08
-7.41366e-08
-2.85441e-09
2.20648e-07
6.11583e-07
1.20029e-06
2.08647e-06
3.46362e-06
5.63635e-06
9.0585e-06
1.44021e-05
2.26588e-05
3.52785e-05
5.43567e-05
8.28843e-05
0.000125076
0.000186796
0.000276093
0.000403873
0.000584713
0.000837824
0.00118818
0.00166777
0.00231696
0.00318593
0.00433606
0.00584115
0.00778847
0.0102792
0.0134285
0.0173644
0.0222261
0.0281603
0.0353175
0.0438454
0.0538821
0.0655475
0.0789336
0.094095
0.111038
0.129714
0.150006
0.17173
0.194626
0.218361
0.242535
0.266688
0.29031
0.312864
0.333801
0.352582
0.368704
0.381718
0.391253
0.397033
0.398889
0.396768
0.390736
0.380974
0.367769
0.3515
0.332621
0.311637
0.289086
0.265513
0.241451
0.217399
0.193809
0.171074
0.149515
0.129384
0.11086
0.0940522
0.079007
0.0657153
0.054122
0.0441356
0.0356382
0.0284941
0.0225584
0.0176839
0.0137268
0.0105506
0.00802989
0.00605153
0.00451593
0.003337
0.00244172
0.00176916
0.00126931
0.000901795
0.000634421
0.000441999
0.000304755
0.000208912
0.000137916
0.00010808
