-6.05302e-09
2.07895e-08
2.19434e-07
6.56711e-07
1.31842e-06
2.27455e-06
3.73762e-06
6.0392e-06
9.65281e-06
1.52716e-05
2.3916e-05
3.70736e-05
5.68877e-05
8.64077e-05
0.000129918
0.000193361
0.000284877
0.000415466
0.0005998
0.000857179
0.00121265
0.00169823
0.00235429
0.00323093
0.00438936
0.00590315
0.00785917
0.0103581
0.0135145
0.0174557
0.0223199
0.0282531
0.0354049
0.0439223
0.0539426
0.0655854
0.0789426
0.0940692
0.110973
0.129604
0.149851
0.171529
0.194381
0.218078
0.242221
0.266353
0.289966
0.312525
0.333481
0.352295
0.368463
0.381535
0.391137
0.396989
0.398919
0.396871
0.390907
0.381204
0.368048
0.351814
0.332956
0.311979
0.289422
0.265831
0.241739
0.21765
0.194018
0.171237
0.149632
0.129458
0.110894
0.0940504
0.0789754
0.0656601
0.0540493
0.0440514
0.0355475
0.0284015
0.0224676
0.0175977
0.013647
0.0104787
0.00796641
0.00599661
0.00446926
0.00329804
0.00240971
0.00174327
0.00124869
0.000885601
0.00062189
0.000432397
0.000297677
0.00020291
0.000136949
9.15182e-05
6.05566e-05
3.96653e-05
2.57898e-05
1.62448e-05
1.18962e-05
