0
8.19134e-09
1.47771e-08
2.63924e-08
4.66689e-08
8.17019e-08
1.4161e-07
2.43004e-07
4.12847e-07
6.9442e-07
1.15641e-06
1.9066e-06
3.11218e-06
5.02951e-06
8.04718e-06
1.27473e-05
1.99918e-05
3.10414e-05
4.77186e-05
7.26259e-05
0.000109434
0.000163256
0.000241127
0.000352596
0.000510465
0.000731664
0.00103828
0.00145873
0.00202905
0.00279426
0.00380976
0.00514264
0.00687277
0.00909356
0.0119122
0.0154493
0.0198374
0.0252182
0.0317397
0.03955
0.048792
0.0595947
0.0720649
0.0862773
0.102265
0.120009
0.139431
0.160383
0.182649
0.205936
0.229882
0.254059
0.277985
0.301137
0.322972
0.342944
0.360527
0.37524
0.386668
0.394479
0.398444
0.398444
0.394479
0.386668
0.37524
0.360527
0.342944
0.322972
0.301137
0.277985
0.254059
0.229882
0.205936
0.182649
0.160383
0.139431
0.120009
0.102265
0.0862773
0.0720649
0.0595947
0.048792
0.03955
0.0317397
0.0252182
0.0198374
0.0154493
0.0119122
0.00909356
0.00687277
0.00514264
0.00380976
0.00279426
0.00202905
0.00145873
0.00103828
0.000731664
0.000510465
0.000352596
0.000241127
0.000163256
