4.49382e-05
2.00342e-06
5.64029e-06
9.04719e-06
9.35025e-06
7.05006e-06
4.77932e-06
3.58632e-06
3.01342e-06
2.82442e-06
3.21915e-06
4.44361e-06
6.74584e-06
1.05032e-05
1.6335e-05
2.51998e-05
3.85105e-05
5.82918e-05
8.73952e-05
0.000129785
0.000190905
0.000278142
0.000401398
0.000573774
0.00081239
0.00113932
0.00158266
0.00217766
0.00296791
0.00400655
0.00535735
0.00709563
0.00930876
0.0120963
0.0155696
0.01985
0.0250673
0.0313555
0.0388494
0.0476777
0.0579575
0.0697857
0.0832311
0.0983259
0.115057
0.133359
0.153106
0.174112
0.196122
0.218821
0.241833
0.264732
0.287052
0.308303
0.32799
0.345626
0.360759
0.372986
0.381972
0.387467
0.389317
0.387467
0.381972
0.372986
0.360759
0.345626
0.32799
0.308303
0.287052
0.264732
0.241833
0.218821
0.196122
0.174112
0.153106
0.133359
0.115057
0.0983259
0.0832311
0.0697857
0.0579575
0.0476777
0.0388494
0.0313555
0.0250673
0.01985
0.0155696
0.0120963
0.00930876
0.00709563
0.00535735
0.00400655
0.00296791
0.00217766
0.00158266
0.00113932
0.00081239
0.000573774
0.000401398
0.000278142
0.000190905
